984621
sdjbhc
23 5 2017
0.000000
984622
orik
23 5 2017
786434 0 23 5 2017 600.000000 Successfully deposited
786445 1 23 5 2017 300.000000 Successfully withdrawn
786456 2 23 5 2017 100.000000 Successfully transferred
786445 1 23 5 2017 25.000000 Successfully withdrawn
786456 2 23 5 2017 30.000000 Successfully transferred
786434 0 23 5 2017 20.000000 Deposition Complete
786445 1 23 5 2017 20.000000 Withdraw Completed
786456 2 23 5 2017 20.000000 Transfer Completed
786434 0 23 5 2017 200.000000 Deposition Complete
786445 1 23 5 2017 30.000000 Withdraw Completed
6295.000000
984623
app
23 5 2017
786434 0 23 5 2017 20.000000 Successfully deposited
750.000000
984624
ucs
23 5 2017
6020.000000
